cuid,created_at,provider,model,temperature,input_tokens,output_tokens,P1. High Privacy: Implementation of a (publicy or privately owned) biobanking system where privacy of individuals is paramount. Stored data and biological samples for research requires the authorization of individual donors.,P2. Cautious Implementation: Minimal input of public resources to development biobanking Use resources  — use instead for other approaches to improving health. Very strict oversight of use of biobanks and strong privacy provisions.,P3. Minimal Government Input: Minimal input of public resources to development biobanking Use resources  — use instead for other approaches to improving health. Fairly relaxed oversight of use of biobanks and  privacy provisions (low level of regulation).,"P4. Privately Funded with strong regulation: A BB system where funding is provided mostly by private companies, withstrong government oversight and privacy provisions.",P5. Privately Funded with minimal regulation: Minimal regulation of privately run biobanking system with maximum participation of the public. Low privacy provisions.,"P6. Publicly Funded with minimal regulation: A biobanking system owned and run by the government, who is also responsible for oversight and privacy provisions, as well as controlling access.","P7. Publicly Funded with strong regulation: A biobanking system owned and run by the government, who is also responsible for oversight and privacy provisions, as well as controlling access."
041cf26f-c1e3-409b-b739-e8262ce86b20,2025-03-20 18:14:54.822216+00:00,meta,llama3.2,0,0,0,7,3,1,6,4,2,5
5389dc6c-6fc5-4940-9db5-1650d668b45a,2025-03-20 18:15:14.356639+00:00,meta,llama3.2,0,0,0,2,6,5,7,3,1,4
bf06f80b-39ec-4433-9305-3e5641315a11,2025-03-20 18:15:50.662123+00:00,meta,llama3.2,0,0,0,2,4,5,3,7,6,1
a37693bb-11e1-4a52-a3ca-b4b9e77211b6,2025-03-20 18:16:10.680373+00:00,meta,llama3.2,0,0,0,4,5,1,7,2,3,6
06ba6aac-495c-4f24-9121-6a6605274446,2025-03-20 18:16:31.420972+00:00,meta,llama3.2,0,0,0,7,6,2,4,3,1,5
e6880647-9f1e-4945-bbf3-ad63e250bb95,2025-03-20 18:16:51.718140+00:00,meta,llama3.2,0,0,0,5,6,2,3,7,4,1
3f5ac803-83d9-488c-90d3-74dfe33ecf63,2025-03-20 18:17:11.906765+00:00,meta,llama3.2,0,0,0,5,7,3,4,2,1,6
7810a54f-9e4d-402a-8aea-f5c494ecd543,2025-03-20 18:24:38.376967+00:00,meta,llama3.2,0,0,0,6,7,1,5,4,2,3
d45f4c44-804f-420e-b98e-c3a91d52bacb,2025-03-20 18:24:52.284516+00:00,meta,llama3.2,0,0,0,2,6,5,7,3,1,4
108ec083-b555-4e9b-9667-fe9a35a26f8a,2025-03-20 18:25:18.484259+00:00,meta,llama3.2,0,0,0,3,1,6,2,7,5,4
e2226838-4459-4a98-b640-85310c12e779,2025-03-20 18:25:32.695241+00:00,meta,llama3.2,0,0,0,5,2,3,7,1,4,6
b63b140e-0bb5-4259-98c2-b98acdf30749,2025-03-20 18:25:47.055342+00:00,meta,llama3.2,0,0,0,7,4,1,3,6,2,5
3dea8dea-a015-4f58-9666-32c5ab659bb8,2025-03-20 18:26:01.362636+00:00,meta,llama3.2,0,0,0,1,2,4,3,7,5,6
7711f66a-7052-463f-ad38-6091623bb661,2025-03-20 18:26:15.787298+00:00,meta,llama3.2,0,0,0,3,6,5,2,4,7,1
c326b5b6-54c9-4cb0-a259-e662c1b63aab,2025-03-27 14:57:46.263498+00:00,meta,llama3.2,0,0,0,6,7,5,2,3,1,4
a8f5d63d-bcc5-4969-a4df-6e555b289f73,2025-03-27 14:57:56.683418+00:00,meta,llama3.2,0,0,0,2,3,1,7,5,4,6
edd3223e-29d9-4aff-bf24-f0abed1f38c4,2025-03-27 14:58:16.079568+00:00,meta,llama3.2,0,0,0,2,3,5,4,1,6,7
8243f29b-0e85-4cb9-b3d6-a3a76d1a7d68,2025-03-27 14:58:26.289051+00:00,meta,llama3.2,0,0,0,3,4,5,7,2,1,6
4f30e2bb-95ee-45a1-8291-b4cc74ae662a,2025-03-27 14:58:36.476708+00:00,meta,llama3.2,0,0,0,7,3,2,5,6,1,4
d4ca2f1a-5f6b-4b47-88ab-15ec3f78058d,2025-03-27 14:58:46.783040+00:00,meta,llama3.2,0,0,0,5,3,1,4,7,2,6
98040b53-a837-4133-ad33-25280496d48e,2025-03-27 14:58:57.302850+00:00,meta,llama3.2,0,0,0,4,7,5,2,3,1,6
6b3310e0-7b17-4e0c-996b-3bd629e2d38a,2025-03-27 15:53:26.000436+00:00,meta,llama3.2,0,0,0,6,7,3,5,4,2,1
af54cb36-106d-4efd-902f-3aef9918ed5e,2025-03-27 15:53:36.217061+00:00,meta,llama3.2,0,0,0,5,2,1,4,6,7,3
a99890d0-5155-4b10-a2b6-a16550abb466,2025-03-27 15:53:46.668916+00:00,meta,llama3.2,0,0,0,3,7,6,5,2,4,1
75e3715c-554c-48a1-b4d4-fd3b37a540e4,2025-03-27 15:53:56.951101+00:00,meta,llama3.2,0,0,0,7,1,3,4,2,6,5
6d506c1e-5243-40b8-8228-69503e36d26e,2025-03-27 15:54:07.505073+00:00,meta,llama3.2,0,0,0,3,1,7,2,5,4,6
26db54e2-9225-4faa-8d0e-f9bf1811c384,2025-03-27 15:54:17.888176+00:00,meta,llama3.2,0,0,0,4,6,1,5,7,3,2
fca965c5-38d0-483b-82f0-c300839c4fbf,2025-03-27 15:54:46.358679+00:00,meta,llama3.2,0,0,0,6,2,4,7,3,5,1
b2b0bed9-4755-4c9f-8009-4f51dea1f03e,2025-03-27 15:54:56.714958+00:00,meta,llama3.2,0,0,0,7,3,2,5,4,6,1
a3f70c45-a06d-4f9c-9a33-7ae0cf7356df,2025-03-27 15:55:07.144350+00:00,meta,llama3.2,0,0,0,2,6,7,5,4,1,3
4e729e35-1f08-4ce8-b325-2348dc94d473,2025-03-27 15:55:26.890895+00:00,meta,llama3.2,0,0,0,1,6,7,5,2,4,3
ccc2b10d-911e-4aef-ba30-e8d074c2addd,2025-03-27 15:55:46.522278+00:00,meta,llama3.2,0,0,0,2,1,4,6,5,7,3
d7fb721f-6023-47d4-bd79-7259e1a00668,2025-03-27 15:55:57.063624+00:00,meta,llama3.2,0,0,0,7,2,6,4,5,3,1
b691d078-ac53-48c8-9173-c5e1befeb3ff,2025-03-27 15:56:26.020210+00:00,meta,llama3.2,0,0,0,7,5,6,1,2,3,4
