cuid,created_at,provider,model,temperature,input_tokens,output_tokens,reason
da107dac-8967-42a2-820d-32ac0d6414af,2025-03-20 17:41:05.043041+00:00,mistralai,ministral-8b-latest,0,2824,223,"Abolishing mandatory insurance increases personal responsibility, but may leave some uninsured. Fixing inefficiencies saves money without major changes. More competition and less regulation make healthcare more efficient. More government control and support help those in need. No changes needed, but universal healthcare ensures access for all."
271b7b43-e416-454c-a601-35a584b74965,2025-03-20 17:41:11.681125+00:00,mistralai,ministral-8b-latest,0,2824,177,"Universal healthcare is best, but personal responsibility and efficiency are also important."
3db3dd1c-9ce8-491b-bc21-955814b3de9c,2025-03-20 17:41:20.352504+00:00,mistralai,ministral-8b-latest,0,2824,187,"Less regulation and competition are most supported, followed by fixing inefficiencies. Universal system and no changes are least supported."
639b97ef-48eb-4012-af43-a9278ca18a62,2025-03-20 17:41:26.680166+00:00,mistralai,ministral-8b-latest,0,2824,176,"Universal healthcare is best, but personal responsibility and competition can help."
f44200f9-24c0-4ae6-9b22-cf4905a2aa34,2025-03-20 17:41:32.827311+00:00,mistralai,ministral-8b-latest,0,2824,194,"I support more government control and financial support, followed by a universal system, then fixing inefficiencies, and least support for less regulation and more competition."
fbdef263-1ddc-4e8a-b019-e2806ae4e4e1,2025-03-20 17:41:39.642234+00:00,mistralai,ministral-8b-latest,0,2824,183,"Less regulation and competition, universal system, fix inefficiencies, more government control, personal responsibility."
5bb7eb70-553a-475f-b85c-d31cefc30b4f,2025-03-20 17:41:45.876097+00:00,mistralai,ministral-8b-latest,0,2824,190,"More government control and support for those in need, less regulation and more competition, universal healthcare, fix inefficiencies, personal responsibility."
350fd389-d7ce-49ed-916f-84c3a4ac7f40,2025-03-20 17:41:52.482769+00:00,mistralai,ministral-8b-latest,0,2824,191,"Abolishing mandatory insurance and increasing out-of-pocket payments is least supported. Universal, public, and unified healthcare system is most supported."
7260f4d6-e6eb-4629-a81c-07727723c2e3,2025-04-01 15:03:54.278165+00:00,mistralai,ministral-8b-latest,0,2824,179,"Universal healthcare is best, but personal responsibility and competition can help."
89b804ca-8e13-47e3-b3af-3ef45808626b,2025-04-01 15:03:57.266595+00:00,mistralai,ministral-8b-latest,0,2824,226,"Abolishing mandatory insurance increases personal responsibility, but may leave some uninsured. Fixing inefficiencies saves money without major changes. More competition and less regulation make healthcare more efficient. More government control and support help those in need. No changes needed, but universal healthcare ensures access for all."
3f4cafc3-ff31-4741-acb7-279a1358bb97,2025-04-01 15:04:00.704738+00:00,mistralai,ministral-8b-latest,0,2824,180,"Universal healthcare is best, but personal responsibility and efficiency are also important."
7f7eae98-a3f0-4b9b-a6d5-2b4673163906,2025-04-01 15:04:04.014128+00:00,mistralai,ministral-8b-latest,0,2824,180,"Less regulation and competition, more personal responsibility, and some government control."
545c824c-cdb2-4a80-b7f2-7e364eea739d,2025-04-01 15:04:07.180585+00:00,mistralai,ministral-8b-latest,0,2824,190,"Less regulation and competition are most supported, followed by fixing inefficiencies. Universal system and no changes are least supported."
385981ac-fceb-474e-aa19-46f817bae6d6,2025-04-01 15:04:10.498184+00:00,mistralai,ministral-8b-latest,0,2824,179,"Universal healthcare is best, but personal responsibility and competition can help."
4fbcf74e-67eb-44c4-99d1-eeb552499a84,2025-04-01 15:04:13.507060+00:00,mistralai,ministral-8b-latest,0,2824,197,"I support more government control and financial support, followed by a universal system, then fixing inefficiencies, and least support for less regulation and more competition."
5558c82c-819a-41d0-a8a9-78ac87666e80,2025-04-01 15:04:16.885279+00:00,mistralai,ministral-8b-latest,0,2824,186,"Less regulation and competition, universal system, fix inefficiencies, more government control, personal responsibility."
7dc752bb-1ccb-4bdf-9a70-0c2b20d1bfd1,2025-04-01 15:04:20.064687+00:00,mistralai,ministral-8b-latest,0,2824,193,"More government control and support for those in need, less regulation and more competition, universal healthcare, fix inefficiencies, personal responsibility."
0fb0a4eb-c10a-48e3-93eb-530b20639b4f,2025-04-01 15:04:23.346097+00:00,mistralai,ministral-8b-latest,0,2824,194,"Abolishing mandatory insurance and increasing out-of-pocket payments is least supported. Universal, public, and unified healthcare system is most supported."
e0f9acca-bb2f-4eab-a533-473269c05ccc,2025-04-02 16:17:43.560079+00:00,mistralai,ministral-8b-latest,0,2824,183,More government control and subsidies help the needy; personal responsibility and competition improve efficiency.
70b57fb5-c133-4bdd-b1ae-00e1e775b056,2025-04-02 16:17:46.450866+00:00,mistralai,ministral-8b-latest,0,2824,184,"I support personal responsibility and competition, but also believe in financial support for those in need."
1c9d539d-6b42-4ac2-9be5-e8e04855b15d,2025-04-02 16:17:49.356169+00:00,mistralai,ministral-8b-latest,0,2824,179,"Universal healthcare is best, but personal responsibility and competition can help."
6dd4e517-a1d7-4e3b-b8fa-3ecb7af52134,2025-04-02 16:17:52.487293+00:00,mistralai,ministral-8b-latest,0,2824,194,"More government control and support for those in need, fix inefficiencies, universal system, personal responsibility, less regulation, and more competition."
7223ce56-eeaa-4c34-88e2-8e97d1d6350a,2025-04-02 16:17:55.564609+00:00,mistralai,ministral-8b-latest,0,2824,195,"Government control and subsidies help the needy, universal system ensures access, personal responsibility increases costs, no changes needed, less regulation promotes efficiency."
89ff1785-8a80-4a7a-8f48-d8f7860cb069,2025-04-02 16:17:58.625373+00:00,mistralai,ministral-8b-latest,0,2824,180,"Universal healthcare is best, but personal responsibility and efficiency are also important."
9b2d164a-5e07-4c3a-835c-e2ce7b97d9e1,2025-04-02 16:18:01.525418+00:00,mistralai,ministral-8b-latest,0,2824,188,"I support more government control and financial support for those in need, and I believe the current system functions well."
a2eaa1c8-154d-4515-b82c-6e95609daac9,2025-04-02 16:18:04.783506+00:00,mistralai,ministral-8b-latest,0,2824,176,Universal healthcare with income-based payments is most supported.
87d4d753-e48b-4202-a0da-ac7e41a465f3,2025-04-02 16:18:07.667414+00:00,mistralai,ministral-8b-latest,0,2824,200,More government control and support for those in need. Universal healthcare is best. No major changes needed. Less regulation and more competition. Fixing inefficiencies is key.
a4e7b911-9bc4-4cac-a0e2-6382e7163b96,2025-04-02 16:18:10.816981+00:00,mistralai,ministral-8b-latest,0,2824,183,"Supporting income-based subsidies and public healthcare, but not personal responsibility or minimal regulation."
c278b355-8cb2-4ec9-b2b5-311d4c7424d9,2025-04-02 16:18:13.814396+00:00,mistralai,ministral-8b-latest,0,2824,185,"I support more government control and universal healthcare, but prefer fixing inefficiencies over major changes."
3c02598c-6fb7-4d66-9f65-7b49b3c0202f,2025-04-02 16:18:17.155161+00:00,mistralai,ministral-8b-latest,0,2824,197,"More government control and support for those in need. Personal responsibility and competition. No changes needed. Fixing inefficiencies. Universal, income-based system."
d80fb9ae-bd5c-4ab6-8ac4-84715301ebc5,2025-04-02 16:18:20.260533+00:00,mistralai,ministral-8b-latest,0,2824,185,"Less regulation and subsidies help the needy, but universal care and personal responsibility are also important."
59b95bf4-58ce-480a-8a14-acbeebecc141,2025-04-02 16:18:27.106232+00:00,mistralai,ministral-8b-latest,0,2824,185,"I support more government control and financial support, but prefer fixing inefficiencies over major changes."
