cuid,created_at,provider,model,temperature,input_tokens,output_tokens,P1. Leave the policy settings as they are.,"P2. Policies that emphasise fewer regulations (e.g., policies that promote free trade agreements by reducing food regulation)","P3. Policies that involve a moderate sustainable regulations (e.g., banning certain types of pesticides, incentivising organic agriculture)","P4. Policies that involve a radical sustainable food regulation (e.g., banning all pesticides, banning the importation of food related product that employ non-sustanable approaches, exclusively incentivising organic agriculture)","P5. Policies that create incentives for local producers to produce sustainable food (e.g., subsidies or tax breaks for local farmers who produce organic products)",P6. Adaptation policies and expenditure. Planning controls and emergency response programs.,P7. Preparing for climate risk for food production through the development of new approaches and technologies that enhance resilience to the impacts of climate variability or change.
06cccc71-a8dc-40eb-89ee-dcc4f5f9cfaa,2025-03-26 08:33:11.624082+00:00,cohere,command-r-plus-08-2024,0,5090.0,301.0,7,6,3,5,2,1,4
52da1a28-fe86-4873-b94f-e235d53b7ce0,2025-03-26 08:33:28.000475+00:00,cohere,command-r-plus-08-2024,0,5090.0,304.0,7,5,3,6,1,4,2
f5dafc4b-c442-48e9-9d36-f26b12fc08da,2025-03-26 08:33:37.553034+00:00,cohere,command-r-plus-08-2024,0,5090.0,305.0,6,7,3,5,1,2,4
bff41bdc-70d8-465b-aa34-22508ea97f36,2025-03-27 13:08:04.978613+00:00,cohere,command-r-plus-08-2024,0,5090.0,304.0,7,2,5,4,3,1,6
5998f9b8-8acb-4008-bf49-ec47fa90d5f8,2025-03-27 13:08:15.583833+00:00,cohere,command-r-plus-08-2024,0,5090.0,302.0,7,2,5,3,6,1,4
ae9449e7-5d6a-4ec7-a2f5-f7af13aa2456,2025-03-27 13:08:25.949085+00:00,cohere,command-r-plus-08-2024,0,5090.0,303.0,7,4,6,5,1,3,2
6a4b8241-a55e-4ca1-a56c-1fe68a408d2c,2025-03-27 13:08:36.800123+00:00,cohere,command-r-plus-08-2024,0,5090.0,304.0,5,3,6,7,1,4,2
434c252a-6a0a-4e79-b446-7aa0ae4c2196,2025-03-27 13:08:49.413448+00:00,cohere,command-r-plus-08-2024,0,5090.0,303.0,4,5,7,3,6,1,2
f1baaabc-69e1-418c-8701-892867e2fcab,2025-03-27 13:45:51.346511+00:00,cohere,command-r-plus-08-2024,0,5090.0,301.0,4,7,6,3,1,5,2
706521a9-0e99-4fb3-b268-2f79d2faa0f9,2025-03-27 13:46:02.149391+00:00,cohere,command-r-plus-08-2024,0,5090.0,305.0,4,6,2,7,3,1,5
799fe5c0-0e22-4b71-99af-82bcd339cf05,2025-03-27 13:46:13.649076+00:00,cohere,command-r-plus-08-2024,0,5090.0,305.0,7,4,3,6,2,5,1
1fa5322e-ed5b-4fc4-a38f-b5a5d87008fe,2025-03-27 13:46:24.721728+00:00,cohere,command-r-plus-08-2024,0,5090.0,304.0,7,4,5,6,1,3,2
48e3cdcd-41bf-4762-9be1-e21dc681159d,2025-03-27 13:46:35.132288+00:00,cohere,command-r-plus-08-2024,0,5090.0,303.0,7,6,1,2,4,3,5
1d67a452-2985-4703-abf4-533e068fa5e6,2025-03-27 13:46:45.879076+00:00,cohere,command-r-plus-08-2024,0,5090.0,301.0,5,7,3,4,2,6,1
596f9f36-b306-491e-ad7f-e095f78cf267,2025-03-27 13:46:57.040257+00:00,cohere,command-r-plus-08-2024,0,5093.0,304.0,7,4,3,2,1,6,5
d44fe980-967d-430f-b61b-409d51ad00e3,2025-03-27 13:47:07.483973+00:00,cohere,command-r-plus-08-2024,0,5090.0,305.0,5,7,4,6,2,1,3
a0ad84aa-4a01-4a75-9634-125682d8c443,2025-03-27 13:47:19.801134+00:00,cohere,command-r-plus-08-2024,0,5090.0,302.0,6,7,2,4,1,3,5
f7c7fe4f-0b3a-4a79-bdc2-f2c7d09a3ea9,2025-03-27 13:47:39.622507+00:00,cohere,command-r-plus-08-2024,0,5093.0,302.0,7,4,1,3,2,6,5
753025eb-6e5c-465d-8f74-5334fbfcdaf5,2025-03-27 13:47:49.653124+00:00,cohere,command-r-plus-08-2024,0,5090.0,305.0,7,6,2,5,1,4,3
e320a251-5079-4415-92eb-55217b09dc25,2025-03-27 13:48:01.451767+00:00,cohere,command-r-plus-08-2024,0,5090.0,305.0,2,7,3,4,1,6,5
4e6c0e81-8246-4ae7-9d4d-63b067bda28a,2025-03-27 13:48:11.941401+00:00,cohere,command-r-plus-08-2024,0,5090.0,301.0,4,7,3,6,1,2,5
2ce55570-051a-41bc-be91-9c57d3e9f802,2025-03-27 13:48:22.457368+00:00,cohere,command-r-plus-08-2024,0,5090.0,302.0,7,6,5,3,1,2,4
67d27489-eacf-41bd-95aa-ff3ec18840ee,2025-03-27 15:05:44.057089+00:00,cohere,command-r-plus-08-2024,0,5090.0,301.0,4,1,2,7,5,3,6
1c148ef7-66cf-402b-8348-2a3e6c03350d,2025-03-27 15:08:18.997665+00:00,cohere,command-r-plus-08-2024,0,5090.0,300.0,5,7,1,4,3,6,2
694c60c6-fdc7-4d29-85ab-1af620eb1c4e,2025-03-27 15:08:28.793676+00:00,cohere,command-r-plus-08-2024,0,5090.0,298.0,7,4,3,5,2,1,6
631f1345-d3a6-404a-a987-d3f5ff6d6047,2025-03-27 15:08:39.441887+00:00,cohere,command-r-plus-08-2024,0,5090.0,305.0,5,7,2,6,1,4,3
0d99e8ea-0533-41fb-9d50-0b9ee93a7dbc,2025-03-27 15:08:49.062657+00:00,cohere,command-r-plus-08-2024,0,5090.0,301.0,1,3,5,6,2,7,4
851b6e91-1d4f-4942-8039-576704739d84,2025-03-27 15:08:58.799168+00:00,cohere,command-r-plus-08-2024,0,5090.0,300.0,3,7,1,6,5,2,4
f7f6d7b8-1311-40e6-80a4-ac85b720fb06,2025-03-27 15:09:07.940877+00:00,cohere,command-r-plus-08-2024,0,5090.0,302.0,7,5,6,1,2,3,4
3114f3b2-5543-4aa4-a4cc-fb7579eb4fdf,2025-03-27 15:48:29.161704+00:00,cohere,command-r-plus-08-2024,0,5090.0,304.0,7,5,1,4,6,3,2
