cuid,created_at,provider,model,temperature,input_tokens,output_tokens,P1. Management that favors aggressive reduction of hazardous fuels,P2. Management that favors thinning treatments to realize economic gain.,"P3. Management that favors treatments to restore structure, function and composition of the forest to presettlement conditions, and allowing the introduction of fire as a natural disturbance.",P4. No fire or fuels management. Leaving the forests as they stand without active management.,P5. Management that favors local-based harvesting for fuel and timber needs.,P6. Management that favors the protection of wildlife and wildlife habitat.,"P7. Management that prioritizes the location and level of treatments favoring both ecological and social values (i.e. wildlife, watersheds, community protection, special cultural places)."
ca886ab8-3fdb-4d2c-af0b-46722ade0fe1,2025-03-20 21:00:15.395508+00:00,microsoft,phi4,0,0,0,4,6,1,7,2,5,3
3229c38a-0a7b-46ac-8d3b-bc2eb9f053bc,2025-03-20 21:00:50.693795+00:00,microsoft,phi4,0,0,0,3,6,5,7,4,2,1
6bbbafca-fe4b-46d9-aef9-314d457c5939,2025-03-20 21:01:24.343705+00:00,microsoft,phi4,0,0,0,4,7,2,6,5,3,1
6177ab95-ed15-456d-95ce-85ed29e01e8c,2025-03-20 21:01:57.845770+00:00,microsoft,phi4,0,0,0,3,7,4,5,2,6,1
3466ef62-b133-4e65-84cf-0e16717d58f7,2025-03-20 21:02:31.347013+00:00,microsoft,phi4,0,0,0,3,2,5,7,6,4,1
8bcd3c88-fe46-4c79-9370-1082348e674b,2025-03-20 21:03:04.904381+00:00,microsoft,phi4,0,0,0,2,4,3,7,6,5,1
582eca92-a7bc-4a5e-96d9-db26de526f37,2025-03-20 21:03:40.241728+00:00,microsoft,phi4,0,0,0,2,6,4,7,5,3,1
d7e61c4f-1ff4-47f8-9e0e-690a1824ac11,2025-03-20 21:04:13.730027+00:00,microsoft,phi4,0,0,0,3,6,2,7,4,5,1
f6df20f7-2440-4059-a107-4dd3793dd795,2025-03-20 21:04:47.217588+00:00,microsoft,phi4,0,0,0,3,6,2,7,4,5,1
c1438a9e-3a0f-464e-98a2-abaf1362b54a,2025-03-20 21:05:25.080550+00:00,microsoft,phi4,0,0,0,4,6,3,7,5,2,1
25c646f7-5173-4197-9258-146cade2bdad,2025-03-27 16:50:29.877811+00:00,microsoft,phi4,0,0,0,4,6,1,7,3,5,2
71b2997c-d50b-42b6-99ff-bc45fc1c9777,2025-03-27 16:51:05.245496+00:00,microsoft,phi4,0,0,0,5,6,3,7,2,1,4
4591cc55-5fba-4554-bc43-bd925efcc79a,2025-03-27 16:51:42.281899+00:00,microsoft,phi4,0,0,0,4,7,5,6,2,3,1
a7e2df87-be38-4f4f-8ca0-077fcdc8edd1,2025-03-27 16:52:17.233759+00:00,microsoft,phi4,0,0,0,2,7,4,5,6,3,1
7aedbd24-24f1-4ec5-bdeb-21d80b24a1f4,2025-03-27 16:52:51.079459+00:00,microsoft,phi4,0,0,0,3,6,5,7,2,4,1
8a17a9c7-63a7-4256-bcd4-5cdda79732a7,2025-03-27 16:53:28.515479+00:00,microsoft,phi4,0,0,0,2,4,3,7,6,5,1
be9a7824-4858-48ff-b899-51da50a9ce3b,2025-03-27 16:54:03.704170+00:00,microsoft,phi4,0,0,0,2,6,3,7,4,5,1
e2c56cde-0f32-448c-937f-1331756672b6,2025-03-27 16:54:38.409626+00:00,microsoft,phi4,0,0,0,5,6,3,7,4,2,1
ef716b09-a38c-40a8-aac4-28238c1623a7,2025-03-27 16:55:13.211714+00:00,microsoft,phi4,0,0,0,3,6,2,7,4,5,1
f8e11eb8-516c-43e6-9d52-a353e6a73ee9,2025-03-27 16:55:47.319575+00:00,microsoft,phi4,0,0,0,4,7,3,6,5,2,1
884d1e83-9daa-4689-ae42-b02c695ef170,2025-03-28 00:14:09.515543+00:00,microsoft,phi4,0,0,0,4,6,2,7,5,3,1
82124693-ab2b-448b-be6a-b3ff0f24ecb8,2025-03-28 00:14:44.428238+00:00,microsoft,phi4,0,0,0,2,7,5,6,3,4,1
593765af-bff5-4ebe-93cf-9fa72505f0f3,2025-03-28 00:15:54.395481+00:00,microsoft,phi4,0,0,0,4,6,1,7,5,2,3
6db3bbf2-44df-476f-ab79-47dc31f4b0d4,2025-03-28 00:16:28.154663+00:00,microsoft,phi4,0,0,0,6,4,3,7,2,5,1
527e84f9-5a78-4d21-a5f8-0a368ad7dae3,2025-03-28 00:17:01.998660+00:00,microsoft,phi4,0,0,0,5,6,2,7,4,3,1
80e7abdb-7a80-4979-9756-949d3ae10ac8,2025-03-28 00:17:41.857908+00:00,microsoft,phi4,0,0,0,5,6,2,7,3,4,1
b55d671c-5d79-47a3-92d5-5d0f9a4d15e3,2025-03-28 00:18:44.760056+00:00,microsoft,phi4,0,0,0,5,2,1,7,4,6,3
b8d81892-5beb-47b9-b69b-231076053608,2025-03-28 00:19:25.030335+00:00,microsoft,phi4,0,0,0,5,6,1,2,3,4,7
515408ba-8e7a-46f4-a334-17bb06842d35,2025-03-28 00:20:02.539374+00:00,microsoft,phi4,0,0,0,3,6,2,7,5,4,1
f249f450-4fb5-4a96-8666-94d2ae2457b4,2025-03-28 00:20:39.986940+00:00,microsoft,phi4,0,0,0,5,6,1,7,2,3,4
29502d65-2984-40ec-ac0e-2069174dea78,2025-03-28 00:21:17.414296+00:00,microsoft,phi4,0,0,0,5,6,1,7,4,2,3
1414f591-9208-413f-a6b7-62b9ae5b1d3c,2025-03-28 00:21:57.877746+00:00,microsoft,phi4,0,0,0,5,7,4,6,2,3,1
d7e3162f-e98d-4c0b-aebf-ef0e4b11ec10,2025-03-28 00:22:35.705037+00:00,microsoft,phi4,0,0,0,3,5,2,7,4,6,1
53a4fbfd-4ff4-4080-b002-32b3aafa9843,2025-03-28 00:23:12.543576+00:00,microsoft,phi4,0,0,0,2,7,1,6,5,4,3
7cfa4188-96d7-4c82-8363-2172402e7833,2025-03-28 00:23:49.315437+00:00,microsoft,phi4,0,0,0,4,7,5,6,2,3,1
