cuid,created_at,provider,model,temperature,input_tokens,output_tokens,C1. Reducing greenhouse gases should not mean prices have to go up.,"C2. Can we be confident, that if we store CO2 the storage facility is going to hold it forever? That's really the issue. And I don't think anybody can answer that question.",C3. Our present energy system is so cheap precisely because it is unsustainable.,C4. Many big ticket solutions to energy problems that we don't understand are just too risky.,C5. Combining technologies in the energy sector is a much more promising and more productive approach than relying on a single approach. ,C6. Energy technologies such as nuclear power and geosequestration are too risky. It's better to improve the technologies that we already have.,C7. Governments must fund new infrastructure investment in the face of uncertainty in the economics of energy technologies.,"C8. Energy technologies are pretty complex, so I leave it to the experts. ","C9. Wind power has its downsides — it is highly visible and can kill birds. The fact is though, that any man-made structure can kill birds.	",C10. Coal gasification is needed to produce hydrogen on the scale required for a possible transition to a hydrogen-based economy.,C11. Australia should  turn more attention to biomass energy sources because it is CO2 neutral (the carbon dioxide used by the growing plants is released when they are burned).,C12. Any tax to reduce greenhouse gas emissions will have a detrimental economic effect on the nation.,C13. There is no need make expensive investments in technological changes within the energy sector.,"C14. If the cost of greenhouse gas emissions is factored in, the cost of renewables compared to coal isn't so big.",C15. Reducing our reliance on oil would be good for the economy and the environment.,"C16. Solar power is pointless because it can't guarantee constant supply, for obvious reasons: the sun doesn't always shine.","C17. Nuclear has a few dangers, but they're trivial compared with the dangers of emitting greenhouse gases and letting global warming happen.",C18. Fuzzy-headed thinking about alternative energy sources seems not to appreciate the need for certainty of supply and excess capacity to keep economies growing.,C19. Nuclear power is a more proven technology than it was 30 years ago. In reality atomic power generation can be a very safe system if designed and operated correctly.,"C20. It is very hard to trust all these so-called experts arguing for one energy technology or another, especially when they, or their bosses, are just in it to make money.",C21. Rather than look at costly renewable energy a more fair-dinkum strategy would be to encourage technology that captures greenhouse emissions like carbon dioxide.,"C22.  If Australia mines uranium, the country should be able to generate power from it.","C23. Local energy solutions such as windfarms are good for jobs, local economies and tourism.",C24. Energy is going to get costly so we had better start investing in alternatives.,"C25. Australia doesn't support alternative energy opportunities. Industry comes along and says, 'Have I got something for you' (such as carbon sequestration, or a new power station) and they get government subsidies to do it.","C26. I'm not pro-nuclear, I'm not pro-coal, I'm not pro-wind, I'm not pro any kind of generation. I'm pro-energy conservation through changes to our behavioural and design practices.","C27. Environmental, reliability and cost issues will limit the adoption of large-scale  of certain renewable technologies. ",C28. Australia spends too much on research and development in energy technologies.,C29. Nuclear is the inevitable replacement for old hydrocarbon technology. It is cost-competitive with coal and will cogenerate potable water and hydrogen also at societally acceptable costs.,"C30. You could have a wind farm across all of the outback that would kill every kookaburra, but it wouldn't provide the baseload power we need.",C31. Climate change considerations have no role in the development of national and global energy policies.,C32. Prices of alternative energy will fall as technology improves.,C33. The limited strategic and technical insight that is so entrenched in Australia is limiting the development of innovative energy technologies.,"C34. Any return on geosequestration is 15 to 20 years off, whereas the proven technology of renewable energy offers immediate gains.","C35. The petroleum age is far from over, we will still be able to keep finding more oil.","C36. The urgency of addressing greenhouse emissions cannot stay on back burner for too much longer. So we need to find a solution quickly, such as CO2 capture and storage.",C37. We need coal because it is a cheap and reliable energy source.,C38. Geothermal or hot rock technology will provide a reliable and unlimited and cheap energy source.,C39. I don't want the implementation of new energy technologies to disrupt my way of life.,C40. Natural gas is the bridging fuel between the oil economy and the hydrogen economy.,C41. Renewable sources do not have the potential to meet our future energy needs as they stand.,"C42. Renewables are part of the long-term solution, but for the foreseeable future, they just can't do the job.","C43. Apart from coal, natural gas is the only other potentially reliable source of power for the state.",C44. Using biomass from crops has significant expansion potential and would be good for the rural industry.,C45. Coal-powered energy needs to be minimised because of its high greenhouse gas emissions.
da917a6b-4f07-48ff-9d61-5315554b60e2,2025-03-21 07:47:03.299387+00:00,google,gemma2,0,0,0,9,3,8,9,9,7,7,8,7,5,4,4,1,8,9,2,8,6,6,5,7,7,9,9,8,6,9,2,4,7,1,8,7,10,2,10,3,3,8,5,4,6,6,5,10
e2db5355-5210-4954-a5df-f4e1e008d712,2025-03-21 07:47:52.728714+00:00,google,gemma2,0,0,0,8,9,9,7,7,6,6,4,7,4,7,2,1,8,9,2,9,5,5,4,6,6,8,7,8,2,8,2,4,6,1,9,7,8,3,9,3,3,3,6,5,7,6,6,10
dc73107d-7330-4d96-bcf7-b3b414a8ef4e,2025-03-21 07:48:17.508370+00:00,google,gemma2,0,0,0,9,2,10,2,8,5,8,4,8,6,7,2,2,7,10,3,9,5,7,4,7,8,10,9,7,8,9,3,8,6,2,9,7,10,3,9,3,4,5,6,3,7,6,6,10
ddb438f0-b836-4640-8fc6-22e619518ae6,2025-03-21 07:48:42.873429+00:00,google,gemma2,0,0,0,7,9,10,7,9,4,8,7,7,6,7,4,2,9,10,3,9,8,7,5,5,8,9,9,6,9,8,3,6,3,2,8,8,9,3,10,3,4,6,6,4,6,6,7,10
7899eb69-0ec9-4627-b722-8808ddb4a55a,2025-03-21 07:49:08.391530+00:00,google,gemma2,0,0,0,8,9,7,9,10,8,8,4,8,3,6,3,2,10,10,3,10,7,7,2,8,6,9,10,5,9,7,3,3,7,1,10,9,11,2,7,4,2,6,5,6,9,6,8,11
9ecacdcc-d6b9-4019-9249-042fe7e7d14a,2025-03-21 07:49:33.992332+00:00,google,gemma2,0,0,0,5,10,8,6,10,3,7,4,7,7,7,7,2,8,11,3,10,4,5,5,6,8,9,10,2,2,8,2,3,5,2,9,9,10,3,9,6,4,3,6,4,6,6,7,11
06d7e797-c1ec-4e95-9a3a-71f00a97d816,2025-03-21 07:49:59.317870+00:00,google,gemma2,0,0,0,8,8,9,4,10,6,7,2,8,5,7,2,1,9,9,2,10,3,9,5,7,8,9,10,7,8,6,2,6,5,1,7,7,9,3,10,4,3,3,6,4,6,6,8,10
096aed8c-19a0-4cd2-b106-6b9fdfcbf86c,2025-03-21 07:50:24.508055+00:00,google,gemma2,0,0,0,9,10,10,9,10,8,7,8,7,4,8,8,3,8,10,3,9,8,6,4,6,6,9,9,7,10,8,2,5,7,1,9,3,9,6,9,6,4,5,7,5,6,7,6,10
5c544ed5-973f-4cda-b188-1c9fb7ea947c,2025-03-21 07:50:49.829996+00:00,google,gemma2,0,0,0,8,2,2,7,10,5,10,4,4,6,6,3,3,4,10,2,9,5,7,8,8,8,9,10,8,10,9,3,7,3,1,9,6,11,6,11,7,2,3,5,6,9,6,7,11
