cuid,created_at,provider,model,temperature,input_tokens,output_tokens,P1. High Privacy: Implementation of a (publicy or privately owned) biobanking system where privacy of individuals is paramount. Stored data and biological samples for research requires the authorization of individual donors.,P2. Cautious Implementation: Minimal input of public resources to development biobanking Use resources  — use instead for other approaches to improving health. Very strict oversight of use of biobanks and strong privacy provisions.,P3. Minimal Government Input: Minimal input of public resources to development biobanking Use resources  — use instead for other approaches to improving health. Fairly relaxed oversight of use of biobanks and  privacy provisions (low level of regulation).,"P4. Privately Funded with strong regulation: A BB system where funding is provided mostly by private companies, withstrong government oversight and privacy provisions.",P5. Privately Funded with minimal regulation: Minimal regulation of privately run biobanking system with maximum participation of the public. Low privacy provisions.,"P6. Publicly Funded with minimal regulation: A biobanking system owned and run by the government, who is also responsible for oversight and privacy provisions, as well as controlling access.","P7. Publicly Funded with strong regulation: A biobanking system owned and run by the government, who is also responsible for oversight and privacy provisions, as well as controlling access."
14ae5701-eb59-4f66-a858-67302f8b4b5e,2025-03-26 07:57:59.178692+00:00,openai,gpt-4-turbo,0,4889,297,1,3,5,4,7,6,2
9d44b1cb-a66e-4ed5-9b39-40d7a146515d,2025-03-26 07:58:10.471876+00:00,openai,gpt-4-turbo,0,4889,293,2,3,4,7,5,6,1
9133c22e-ee53-4c09-b182-f473d68b97e1,2025-04-01 08:40:26.069075+00:00,openai,gpt-4-turbo,0,4889,296,3,5,2,4,7,6,1
083242f8-3365-490f-97c2-282fdfe805f4,2025-04-01 08:40:37.447151+00:00,openai,gpt-4-turbo,0,4886,298,4,6,3,7,5,2,1
4541c53e-9624-4fad-8395-e75142f3a36f,2025-04-01 08:40:53.104879+00:00,openai,gpt-4-turbo,0,4889,300,2,7,5,4,6,3,1
3463953b-b8da-449b-a39a-427a2ffd0471,2025-04-01 08:41:08.995407+00:00,openai,gpt-4-turbo,0,4886,297,5,2,7,4,6,3,1
b668e514-8d9e-4aa6-a607-a24b07e5be3f,2025-04-01 08:41:19.273095+00:00,openai,gpt-4-turbo,0,4889,297,2,3,7,5,6,4,1
065cb3f7-737a-46b2-bfa3-bd61401ab5bb,2025-04-01 08:41:31.389630+00:00,openai,gpt-4-turbo,0,4889,298,3,1,6,2,7,4,5
6c384da8-8e7a-4925-8497-81afb8fe2c97,2025-04-01 08:41:41.850840+00:00,openai,gpt-4-turbo,0,4889,296,3,5,7,2,6,4,1
ceff5ac2-89ba-48b9-9d31-22fcf7970f8f,2025-04-01 08:41:59.730662+00:00,openai,gpt-4-turbo,0,4889,296,2,4,6,3,7,5,1
3e066e57-3afd-4a80-92b6-91b23c5838d2,2025-04-01 08:42:10.802718+00:00,openai,gpt-4-turbo,0,4889,297,1,2,4,3,7,6,5
c60c501d-18d4-468a-bda5-1378f9517678,2025-04-01 08:42:23.620616+00:00,openai,gpt-4-turbo,0,4889,295,2,4,6,5,7,3,1
5d765f1c-a105-4d0a-9e22-4ca569d777d7,2025-04-03 12:36:22.247064+00:00,openai,gpt-4-turbo,0,4886,295,2,5,7,4,6,3,1
1d33c79a-116c-4587-b1a1-f76c3be5e918,2025-04-03 12:36:36.668661+00:00,openai,gpt-4-turbo,0,4889,297,2,4,5,3,7,6,1
7d511786-7fb5-4220-a27e-8487760ad0be,2025-04-03 12:36:49.489122+00:00,openai,gpt-4-turbo,0,4889,297,4,6,3,5,7,2,1
9adf52ff-51d8-4ce1-9282-6a09b70c027f,2025-04-03 12:37:07.355616+00:00,openai,gpt-4-turbo,0,4889,296,1,7,2,3,6,4,5
6ac80669-92b1-4376-818e-8b6eb1baf26d,2025-04-03 12:37:19.759912+00:00,openai,gpt-4-turbo,0,4889,296,3,5,4,6,2,7,1
ab5bb1a6-0c7e-4613-beb7-94381bd04ac7,2025-04-03 12:37:31.661748+00:00,openai,gpt-4-turbo,0,4889,297,3,4,6,2,7,5,1
97cf26f8-ef5e-4530-9676-d0958da301d1,2025-04-03 12:37:50.052577+00:00,openai,gpt-4-turbo,0,4889,296,1,4,6,3,7,5,2
4fec57a3-9475-4a66-8291-529cc783a907,2025-04-03 12:38:02.528983+00:00,openai,gpt-4-turbo,0,4886,297,6,3,5,2,4,1,7
338e0b96-ff0d-482b-a19e-bbbd205c314a,2025-04-03 12:38:14.745496+00:00,openai,gpt-4-turbo,0,4889,296,6,4,3,1,7,5,2
325d9083-bbba-41ef-8b53-b8b55c714638,2025-04-03 12:38:29.687054+00:00,openai,gpt-4-turbo,0,4889,297,1,4,7,5,2,3,6
af01ab2d-fb21-46ea-9e57-69efd785ad9d,2025-04-03 12:38:48.433899+00:00,openai,gpt-4-turbo,0,4889,297,3,2,7,4,6,5,1
b3830776-3d85-4eae-b6a4-4ba53a213636,2025-04-03 12:39:02.152341+00:00,openai,gpt-4-turbo,0,4889,297,3,7,2,6,5,1,4
e1e6dd06-d7c6-47f4-93a9-fc23135dd812,2025-04-03 12:39:21.509396+00:00,openai,gpt-4-turbo,0,4889,297,6,3,7,4,2,5,1
8540089e-85a6-42dd-a3a9-20279436b895,2025-04-03 12:39:35.687009+00:00,openai,gpt-4-turbo,0,4889,297,3,1,6,2,7,4,5
5369ad50-7840-4409-86a8-0092adae19af,2025-04-03 12:39:47.397174+00:00,openai,gpt-4-turbo,0,4889,296,7,2,4,5,6,3,1
fef5bbf2-6809-4387-8ac6-b8fddb2d7f43,2025-04-03 12:40:01.181203+00:00,openai,gpt-4-turbo,0,4889,295,6,7,1,3,5,2,4
9b1d7a0e-e6ef-467a-af61-ea80e63c18ce,2025-04-03 12:40:13.890060+00:00,openai,gpt-4-turbo,0,4889,296,2,3,6,4,7,5,1
3e419b48-f4ca-4596-a083-1e460a01e1f4,2025-04-03 12:40:27.178768+00:00,openai,gpt-4-turbo,0,4889,299,5,4,6,2,7,3,1
