cuid,created_at,provider,model,temperature,input_tokens,output_tokens,C1. Replacing timber elements with steel components would destroy the authentic appearance of the bridge.,C2. Alterations will lead to nothing but the uglification of the bridge.,C3. The bridge has stood the test of time for the past 67 years; there's no need for major changes to it.,C4. The safety of the bridge is more important than its appearance.,C5. The main concern is to have a bridge that underpins the economic activities in the region.,C6. The function of the Fremantle Bridge as a transport gateway is more important than its heritage.,C7. There are no specific economic benefits for the Fremantle from the bridge.,"C8. The problem is not the vulnerable structure of the bridge but excessive traffic, which should be reduced.","C9. As long as there is a bridge that I can cross, I don't care about its structure.","C10. We should definitely preserve the heritage value of the bridge, but only if it is financially viable.",C11. Tax payers money should be spent on services that are more essential than upgrading the bridge.,C12. It is worth spending money to retain the iconic status of the bridge.,"C13. We shouldn't stick to the past when deciding about the future of the bridge, we should be open for modern design options.",C14. The bridge is certainly an attractive entry statement to Fremantle and without doubt far more important than trucks.,"C15. The Fremantle Bridge is irreplaceable. It is a strong, enduring part of our history.",C16. Reducing the risk of vessel collision on the Swan River should be the main consideration when deciding about the future of the bridge,C17. It is most important that the solution is a long term one.,C18. River craft deserve better traffic conditions on the Swan River.,C19. Altering or replacing the existing Fremantle Bridge means diminishing Fremantle.,"C20. Whatever works are undertaken, the heritage value of the old bridge will be affected.",C21. The old bridge provides a scenic entrance to Fremantle that attracts tourists.,C22. The cost of maintaining the old timber structure is too high.,C23. Providing a better pedestrian and cycle traffic should be the main consideration when deciding about the future of the bridge.,"C24. The old bridge will never be able to handle vehicles, bike and pedestrians at the same time.",C25. The most important thing is that access to Fremantle from its north is maintained in the most undisturbed manner as possible. ,"C26. The most important issue for cyclists is safety, which means they need access across the bridge which has a good surface.","C27. Since the traffic bridge has important heritage significance, the only grounds for its removal should be on the grounds of serious safety issues and verified by heritage engineers.",C28. The existing bridge is too low; archways too narrow and do not line up with the railway bridge making navigation dangerous. ,C29. The critical infrastructure of the bridge raises serious safety concerns. ,C30. Safe and efficient movement of all road and river users across and under the bridge should the main considerations,C31. Any changes to the bridge should give right consideration to the environment.bridge,"C32. We just got traffic calming in Town Centre after 25 years effort. I don't want bridge to be build bigger, better faster to reverse the gains of the last 25 years.","C33. This magnificent timber bridge is a rare and beautiful sight in today's world, it should be preserved. ","C34. When deciding about the future of the bridge, indigenous concerns should be given adequate consideration. ",C35. The Fremantle Traffic Bridge is the most iconic landmark and the main tourist attraction in Fremantle. ,"C36. Indigenous people would want to minimize impact on the Swan River, a registered site, that is of importance and significance to them."
b594730a-d4bd-4c31-886e-bf0577938e67,2025-03-25 11:16:21.269380+00:00,mistralai,ministral-3b-latest,0,3918,319,2,2,5,11,11,6,3,8,3,7,4,8,7,10,11,11,9,9,5,6,10,3,11,2,8,11,6,6,11,11,7,2,11,7,10,7
570ea05b-a16d-4b00-a577-2bdca7c06fc0,2025-03-25 11:16:28.487909+00:00,mistralai,ministral-3b-latest,0,3934,315,3,3,8,10,11,3,2,9,2,8,2,11,7,11,11,11,11,10,3,3,11,3,11,2,11,10,10,9,10,11,11,7,11,10,11,10
467dab82-05a2-4ecc-9a14-845951406432,2025-03-25 11:16:38.760878+00:00,mistralai,ministral-3b-latest,0,3938,343,1,1,11,11,11,1,1,11,1,11,1,11,11,11,11,11,11,11,11,1,11,1,11,1,11,11,11,1,11,11,11,1,11,11,11,11
d699f044-5465-4966-b55e-d737bea342cb,2025-03-25 11:16:52.146245+00:00,mistralai,ministral-3b-latest,0,3907,320,2,2,6,10,9,5,2,4,3,8,3,8,7,10,11,9,7,6,2,4,10,5,8,1,7,6,10,1,11,9,8,3,11,7,11,7
9736da0c-e388-40fe-ae79-1731c25aac97,2025-03-25 11:17:01.691716+00:00,mistralai,ministral-3b-latest,0,3936,330,2,2,3,11,1,3,1,10,3,7,4,10,10,11,11,11,11,10,3,3,11,3,10,1,11,10,11,11,11,11,7,2,11,10,11,10
215a300a-be36-44f2-9abf-f88244c351ca,2025-04-01 12:09:46.612676+00:00,mistralai,ministral-3b-latest,0,3916,321,2,2,4,11,11,8,3,5,3,7,4,7,6,10,11,11,8,9,5,6,10,3,9,2,8,11,7,6,11,11,6,2,11,7,10,7
9d1831fa-d001-40b9-8e09-b202470f862f,2025-04-01 12:09:58.278634+00:00,mistralai,ministral-3b-latest,0,3934,318,3,3,8,10,11,3,2,9,2,8,2,11,7,11,11,11,11,10,3,3,11,3,11,2,11,10,10,9,10,11,11,7,11,10,11,10
69e2b27a-a027-4349-890a-f4a842a9cfaf,2025-04-01 12:10:08.253088+00:00,mistralai,ministral-3b-latest,0,3938,346,1,1,11,11,11,1,1,11,1,11,1,11,11,11,11,11,11,11,11,1,11,1,11,1,11,11,11,1,11,11,11,1,11,11,11,11
8910c8b3-cdb2-4081-8e18-98ac06fd171a,2025-04-01 12:10:16.620157+00:00,mistralai,ministral-3b-latest,0,3907,326,2,2,6,10,9,5,2,4,3,8,3,8,7,10,11,9,7,6,2,4,10,5,8,1,7,6,10,1,11,9,8,3,11,7,11,7
e9f34fe0-2b45-44f1-81a6-2f2ee720f210,2025-04-01 12:10:24.229125+00:00,mistralai,ministral-3b-latest,0,3936,333,2,2,3,11,1,3,1,10,3,7,4,10,10,11,11,11,11,10,3,3,11,3,10,1,11,10,11,11,11,11,7,2,11,10,11,10
ec3dcbd9-571e-4211-9e19-e15f5308860e,2025-04-02 15:00:07.317094+00:00,mistralai,ministral-3b-latest,0,3900,321,2,1,6,9,5,4,2,5,4,3,6,7,6,8,10,7,8,7,1,4,7,3,6,3,7,8,9,6,5,9,8,5,10,7,10,7
e820751a-cffd-44a7-a935-74bd4c81e245,2025-04-02 15:00:15.021588+00:00,mistralai,ministral-3b-latest,0,3922,322,2,2,6,11,8,7,3,7,4,8,5,11,10,11,11,9,7,7,6,6,11,5,10,2,9,10,10,8,11,11,8,3,11,10,11,9
705d0e8a-46d1-475f-9ba4-81958d7faad3,2025-04-02 15:00:24.015785+00:00,mistralai,ministral-3b-latest,0,3900,260,2,3,5,8,6,5,3,7,2,4,3,8,7,8,10,9,6,9,7,6,9,4,7,2,7,7,6,4,5,1,6,4,10,5,11,6
250a2d92-dd7d-4bbb-aa84-5c490910deeb,2025-04-02 15:00:30.167035+00:00,mistralai,ministral-3b-latest,0,3956,288,11,11,11,10,11,4,1,11,1,11,11,11,11,11,11,10,11,11,11,11,11,3,11,11,11,11,11,11,10,11,11,1,11,11,11,11
b21dd274-4c19-4927-ad2b-4b1674e16697,2025-04-02 15:00:36.483592+00:00,mistralai,ministral-3b-latest,0,3906,322,2,2,7,2,6,3,3,5,3,7,4,9,6,10,10,1,11,4,3,2,11,4,1,1,1,2,2,2,2,1,6,5,11,8,10,7
3c710719-2d1b-4ba8-8ca2-fbf355d3e147,2025-04-02 15:00:45.049257+00:00,mistralai,ministral-3b-latest,0,3906,315,2,3,6,6,9,7,3,4,5,7,2,8,6,9,11,10,10,6,3,5,9,8,7,2,8,7,8,1,9,11,7,4,11,5,10,6
9df80a46-e7dd-4792-a44a-81904095f41b,2025-04-02 15:00:52.527975+00:00,mistralai,ministral-3b-latest,0,3928,341,3,2,7,10,10,8,4,8,3,9,4,10,9,11,11,10,11,8,6,2,11,6,10,2,10,10,11,7,10,11,11,5,11,9,11,9
b9e1438c-bdee-4c69-bc49-38c7505305be,2025-04-02 15:00:59.678161+00:00,mistralai,ministral-3b-latest,0,3960,358,1,1,11,11,10,10,1,10,10,11,10,11,10,11,11,11,11,10,10,10,11,10,11,10,11,11,11,11,11,11,10,10,11,10,11,10
f7621bba-cef0-42d8-9551-bf68b9793aed,2025-04-02 15:01:08.498908+00:00,mistralai,ministral-3b-latest,0,3924,265,2,2,4,11,11,6,1,6,1,7,3,10,8,11,11,10,11,8,6,2,11,2,10,1,11,10,9,2,11,10,9,3,11,7,11,7
c1ffbc03-279c-4aad-9acd-dce20963a4a9,2025-04-02 15:01:15.507778+00:00,mistralai,ministral-3b-latest,0,3908,331,2,5,4,7,1,6,6,4,3,7,2,11,7,11,11,9,10,9,3,6,10,9,7,3,8,4,11,5,10,10,8,2,11,8,11,3
30e12774-adea-436f-a732-6278aed69bcd,2025-04-02 15:01:27.911593+00:00,mistralai,ministral-3b-latest,0,3910,335,2,2,8,3,10,7,1,3,3,7,1,4,6,11,11,11,10,6,2,2,11,3,8,2,1,8,10,2,11,10,7,2,11,9,11,9
833dea42-c5cf-47a3-b694-87c60882ba1f,2025-04-02 15:01:34.119396+00:00,mistralai,ministral-3b-latest,0,3916,326,2,2,1,10,8,2,1,1,7,4,1,6,3,10,11,11,11,4,2,2,10,1,10,1,11,3,11,2,1,10,3,3,11,3,9,3
cda7ed54-3357-4c50-a715-e56204d68725,2025-04-02 15:01:42.933775+00:00,mistralai,ministral-3b-latest,0,3936,281,2,2,4,11,11,2,2,9,3,10,2,10,10,10,11,10,11,10,3,3,10,11,10,2,11,10,10,10,11,11,11,2,11,10,11,10
3c9874e4-4f78-4be2-956a-7f8efb7cba58,2025-04-02 15:01:49.767093+00:00,mistralai,ministral-3b-latest,0,3912,262,4,4,6,5,8,7,3,3,3,8,5,11,7,11,11,8,9,10,4,6,11,7,9,2,10,7,6,8,6,10,7,5,11,9,11,8
ef81f74a-63f8-4a79-bec0-85cf54545d12,2025-04-02 15:01:56.794499+00:00,mistralai,ministral-3b-latest,0,3912,332,4,4,5,7,6,5,2,6,3,7,2,8,6,9,11,8,11,6,7,6,11,3,8,2,11,7,10,3,10,10,8,2,11,7,11,9
a6b4bb1d-a7b7-447e-8b7a-abc15763013d,2025-04-02 15:02:03.062182+00:00,mistralai,ministral-3b-latest,0,3900,325,3,3,5,7,8,5,2,4,2,8,1,6,5,10,11,5,7,5,4,3,9,2,7,2,9,6,6,4,5,8,6,3,11,6,7,4
44a135e5-496d-4d7a-8416-d08c54653e64,2025-04-02 15:02:08.990909+00:00,mistralai,ministral-3b-latest,0,3900,334,2,2,7,7,5,6,1,4,1,8,3,10,5,11,11,5,6,5,7,3,10,2,9,1,8,4,1,5,6,9,6,3,11,4,11,4
3af04854-837b-4f22-91f4-ea26fb0fb03a,2025-04-02 15:02:15.788874+00:00,mistralai,ministral-3b-latest,0,3906,328,1,2,1,10,7,5,2,4,3,7,3,10,9,8,11,9,7,7,2,5,9,4,8,1,8,6,8,6,10,9,6,2,11,7,11,6
af731af1-5999-4256-915c-6415dbc6bc55,2025-04-02 15:02:22.777826+00:00,mistralai,ministral-3b-latest,0,3900,323,2,1,3,7,5,4,2,8,1,7,2,6,8,8,11,9,6,5,5,3,11,3,10,1,10,1,9,2,6,10,7,7,11,4,3,4
b015c8dd-5572-4a48-b7cb-b377ee6ed8ec,2025-04-02 15:02:28.851736+00:00,mistralai,ministral-3b-latest,0,3896,260,3,2,9,7,5,6,2,7,4,6,3,9,5,9,10,6,11,6,8,4,9,3,7,2,8,6,8,3,5,8,7,2,10,7,10,7
14c031d4-2731-45a7-8dfd-c5ae68207e2e,2025-04-02 15:02:36.578125+00:00,mistralai,ministral-3b-latest,0,3900,262,2,2,4,11,8,3,2,5,3,6,2,7,4,10,10,7,9,4,6,5,8,6,5,2,9,7,1,6,11,7,6,3,10,8,11,6
95f927fc-8d78-47b1-8a0c-3403f438bd38,2025-04-02 15:02:40.956789+00:00,mistralai,ministral-3b-latest,0,3919,335,2,2,5,6,6,3,2,5,4,7,2,8,7,11,11,10,9,7,3,3,11,3,10,2,10,10,11,10,10,11,7,4,11,11,11,8
